18837
359577
163657
211856
287719
42904
298179
271578
214375
254741
13951
63752
32283
80032
207426
111341
132941
345042
190780
275286
110003
317227
314764
267825
259753
272038
221507
7688
107726
86137
251026
204390
133226
29197
92700
253448
41677
323882
31954
103208
193949
155355
104747
116995
106784
104444
318794
172667
92492
354753
67941
98426
141692
164714
329353
165104
196228
44689
274762
351764
168313
93733
246354
201845
105424
52049
14474
210023
312765
4305
153636
167563
76044
337397
233566
73509
131157
302348
24589
170952
351861
240507
256705
329994
163236
52826
99891
345294
85128
142636
17689
320699
182980
27717
197213
299107
48583
55897
315486
233792
